    Bubble Sort	 	 	 	  ||QuickSort
    Key Comparison	 	 |Run Time(nsec)	 	 ||Key Comparison	 	 |Run Time(msec)
    Average|Std.Dev|Average|Std.Dev||Average|Std.Dev|Average|Std.Dev||
1000    249956    5217,22    2335854    1952297,3    668    179,54    223859    227515,91    
2000    993802    11086,12    5624681    133030,11    1262    294,26    202246    18812,14    
3000    2245681    27274,71    13674870    804113,38    2152    498,01    318281    12488,14    
4000    3991249    40668,52    24361988    343703,86    2261    281,26    428460    36826,68    
5000    6262422    58370,09    38822660    764106,27    3063    618,26    521010    17278,73    
6000    9034658    71913,8    56395632    855095,92    4260    937,36    642237    21231,93    
7000    12195443    86535,35    77306996    823207,58    4883    965    749639    23036,96    
8000    15972402    68003,27    103228696    3177824    5584    1397,01    863199    28289,21    
9000    20217422    117679,52    130571131    6712458,1    6824    1495,42    1007911    58426,82    
10000    25026312    119816,17    161730830    8667721,95    7289    1884,77    1113803    111466,7    
